servicio;sector;subsector;area;claveestd;tipoest;tipo_servicio;dd_apertura;mm_apertura;aaaa_apertura;dd_cierre;mm_cierre;aaaa_cierre;
070;3;4;000;00700016;0;1;01;01;2008;00;00;0000;
070;3;4;070;00700016;0;1;01;01;2008;00;00;0000;
200;3;4;000;00700016;0;1;01;01;2008;00;00;0000;
200;3;4;200;00700016;0;1;01;01;2008;00;00;0000;
320;3;4;000;00700016;0;1;01;01;2008;00;00;0000;
320;3;4;320;00700016;0;1;01;01;2008;00;00;0000;
100;3;4;000;00700041;0;1;01;01;2008;00;00;0000;
100;3;4;100;00700041;0;1;01;01;2008;00;00;0000;
070;3;4;000;00700067;0;1;01;01;2009;00;00;0000;
070;3;4;070;00700067;0;1;01;01;2009;00;00;0000;
100;3;4;000;00700067;0;1;01;01;2009;00;00;0000;
100;3;4;100;00700067;0;1;01;01;2009;00;00;0000;
200;3;4;000;00700067;0;1;01;01;2008;00;00;0000;
200;3;4;200;00700067;0;1;01;01;2008;00;00;0000;
070;3;4;000;00700075;0;1;01;01;2008;00;00;0000;
070;3;4;070;00700075;0;1;01;01;2008;00;00;0000;
100;3;4;000;00700075;0;1;01;01;2008;00;00;0000;
100;3;4;100;00700075;0;1;01;01;2008;00;00;0000;
101;3;4;000;00700075;0;1;01;01;2008;00;00;0000;
101;3;4;101;00700075;0;1;01;01;2008;00;00;0000;
245;2;4;000;00700075;0;1;01;01;2008;00;00;0000;
245;2;4;245;00700075;0;1;01;01;2008;00;00;0000;
200;3;4;000;00700083;0;1;01;01;2008;00;00;0000;
200;3;4;200;00700083;0;1;01;01;2008;00;00;0000;
200;3;4;000;00700091;0;1;01;01;2008;00;00;0000;
200;3;4;200;00700091;0;1;01;01;2008;00;00;0000;
100;3;4;000;01400016;0;1;01;01;2008;00;00;0000;
100;3;4;100;01400016;0;1;01;01;2008;00;00;0000;
150;3;4;000;01400016;0;1;01;01;2008;00;00;0000;
150;3;4;150;01400016;0;2;01;01;2008;00;00;0000;
100;3;4;000;01400024;0;1;01;01;2008;00;00;0000;
100;3;4;100;01400024;0;1;01;01;2008;00;00;0000;
101;3;4;000;01400032;0;1;01;01;2008;00;00;0000;
101;3;4;101;01400032;0;1;01;01;2008;00;00;0000;
150;3;4;000;01400032;0;1;01;01;2008;00;00;0000;
150;3;4;150;01400032;0;2;01;01;2008;00;00;0000;
200;3;4;000;01400032;0;1;01;01;2008;00;00;0000;
200;3;4;200;01400032;0;1;01;01;2008;00;00;0000;
101;3;4;000;01400041;0;1;01;01;2008;00;00;0000;
101;3;4;101;01400041;0;1;01;01;2008;00;00;0000;
150;1;4;000;01400041;0;1;01;01;2008;00;00;0000;
150;1;4;150;01400041;0;1;01;01;2008;00;00;0000;
150;2;4;000;01400041;0;1;01;01;2008;00;00;0000;
150;2;4;150;01400041;0;1;01;01;2008;00;00;0000;
150;3;4;000;01400041;0;1;01;01;2008;00;00;0000;
150;3;4;150;01400041;0;2;01;01;2008;00;00;0000;
200;3;4;000;01400041;0;1;01;01;2008;00;00;0000;
200;3;4;200;01400041;0;1;01;01;2008;00;00;0000;
245;2;4;000;01400041;0;1;01;01;2008;00;00;0000;
245;2;4;245;01400041;0;1;01;01;2008;00;00;0000;
320;3;4;000;01400041;0;1;01;01;2008;00;00;0000;
320;3;4;320;01400041;0;1;01;01;2008;00;00;0000;
200;3;4;000;01400075;0;1;01;01;2008;00;00;0000;
200;3;4;200;01400075;0;1;01;01;2008;00;00;0000;
200;3;4;000;01400091;0;1;01;01;2008;00;00;0000;
200;3;4;200;01400091;0;1;01;01;2008;00;00;0000;
200;3;4;000;01400113;0;1;01;01;2008;00;00;0000;
200;3;4;200;01400113;0;1;01;01;2008;00;00;0000;
100;3;4;000;01400121;0;1;01;01;2008;00;00;0000;
100;3;4;100;01400121;0;1;01;01;2008;00;00;0000;
200;3;4;000;01400130;0;1;01;01;2008;00;00;0000;
200;3;4;200;01400130;0;1;01;01;2008;00;00;0000;
200;3;4;000;01400288;0;1;01;01;2008;00;00;0000;
200;3;4;200;01400288;0;1;01;01;2008;00;00;0000;
200;3;4;000;02100253;0;1;01;01;2008;00;00;0000;
200;3;4;200;02100253;0;1;01;01;2008;00;00;0000;
070;3;4;000;02100351;0;1;01;01;2008;00;00;0000;
070;3;4;070;02100351;0;1;01;01;2008;00;00;0000;
100;3;4;000;02100351;0;1;01;01;2008;00;00;0000;
100;3;4;100;02100351;0;1;01;01;2008;00;00;0000;
101;3;4;000;02100351;0;1;01;01;2008;00;00;0000;
101;3;4;101;02100351;0;1;01;01;2008;00;00;0000;
225;3;4;000;02100351;0;1;01;01;2008;00;00;0000;
225;3;4;225;02100351;0;1;01;01;2008;00;00;0000;
285;2;4;000;02100351;0;1;01;01;2008;00;00;0000;
285;2;4;285;02100351;0;1;01;01;2008;00;00;0000;
295;3;4;000;02100351;0;1;01;01;2008;00;00;0000;
295;3;4;295;02100351;0;1;01;01;2008;00;00;0000;
320;3;4;000;02100351;0;1;01;01;2008;00;00;0000;
320;3;4;320;02100351;0;1;01;01;2008;00;00;0000;
200;3;4;000;02100415;0;1;01;01;2008;00;00;0000;
200;3;4;200;02100415;0;1;01;01;2008;00;00;0000;
200;3;4;000;02100440;0;1;01;01;2008;00;00;0000;
200;3;4;200;02100440;0;1;01;01;2008;00;00;0000;
070;3;4;000;02100466;0;1;01;01;2008;00;00;0000;
070;3;4;070;02100466;0;1;01;01;2008;00;00;0000;
100;3;4;000;02100466;0;1;01;01;2008;00;00;0000;
100;3;4;100;02100466;0;1;01;01;2008;00;00;0000;
101;3;4;000;02100466;0;1;01;01;2008;00;00;0000;
101;3;4;101;02100466;0;1;01;01;2008;00;00;0000;
285;2;4;000;02100466;0;1;01;01;2008;00;00;0000;
285;2;4;285;02100466;0;1;01;01;2008;00;00;0000;
200;3;4;000;02800018;0;1;01;01;2008;00;00;0000;
200;3;4;200;02800018;0;1;01;01;2008;00;00;0000;
200;3;4;000;02800026;0;1;01;01;2008;00;00;0000;
200;3;4;200;02800026;0;1;01;01;2008;00;00;0000;
200;3;4;000;02800077;0;1;01;01;2008;00;00;0000;
200;3;4;200;02800077;0;1;01;01;2008;00;00;0000;
150;3;4;000;02800093;8;1;01;01;2008;00;00;0000;
150;3;4;150;02800093;8;2;01;01;2008;00;00;0000;
200;3;4;000;02800093;8;1;01;01;2008;00;00;0000;
200;3;4;200;02800093;8;1;01;01;2008;00;00;0000;
100;3;4;000;02800131;0;1;01;01;2008;00;00;0000;
100;3;4;100;02800131;0;1;01;01;2008;00;00;0000;
101;3;4;000;02800131;0;1;01;01;2008;00;00;0000;
101;3;4;101;02800131;0;1;01;01;2008;00;00;0000;
115;3;4;000;02800131;0;1;01;01;2008;00;00;0000;
115;3;4;115;02800131;0;1;01;01;2008;00;00;0000;
225;3;4;000;02800131;0;1;01;01;2008;00;00;0000;
225;3;4;225;02800131;0;1;01;01;2008;00;00;0000;
245;2;4;000;02800131;0;1;01;01;2008;00;00;0000;
245;2;4;245;02800131;0;1;01;01;2008;00;00;0000;
320;3;4;000;02800131;0;1;01;01;2008;00;00;0000;
320;3;4;320;02800131;0;1;01;01;2008;00;00;0000;
200;3;4;000;03500018;0;1;01;01;2008;00;00;0000;
200;3;4;200;03500018;0;1;01;01;2008;00;00;0000;
200;3;4;000;03500026;0;1;01;01;2008;00;00;0000;
200;3;4;200;03500026;0;1;01;01;2008;00;00;0000;
200;3;4;000;03500034;0;1;01;01;2008;00;00;0000;
200;3;4;200;03500034;0;1;01;01;2008;00;00;0000;
200;3;4;000;03500042;0;1;01;01;2008;00;00;0000;
200;3;4;200;03500042;0;1;01;01;2008;00;00;0000;
150;3;4;000;04200077;0;1;01;01;2008;00;00;0000;
150;3;4;150;04200077;0;2;01;01;2008;00;00;0000;
200;3;4;000;04200077;0;1;01;01;2008;00;00;0000;
200;3;4;200;04200077;0;1;01;01;2008;00;00;0000;
070;3;4;000;04200107;0;1;01;01;2008;00;00;0000;
070;3;4;070;04200107;0;1;01;01;2008;00;00;0000;
100;1;4;000;04200107;0;1;01;01;2008;00;00;0000;
100;1;4;100;04200107;0;1;01;01;2008;00;00;0000;
100;2;4;000;04200107;0;1;01;01;2008;00;00;0000;
100;2;4;100;04200107;0;1;01;01;2008;00;00;0000;
101;3;4;000;04200107;0;1;01;01;2008;00;00;0000;
101;3;4;101;04200107;0;1;01;01;2008;00;00;0000;
245;2;4;000;04200107;0;1;01;01;2008;00;00;0000;
245;2;4;245;04200107;0;1;01;01;2008;00;00;0000;
320;3;4;000;04200107;0;1;01;01;2008;00;00;0000;
320;3;4;320;04200107;0;1;01;01;2008;00;00;0000;
200;3;4;000;04200158;0;1;01;01;2008;00;00;0000;
200;3;4;200;04200158;0;1;01;01;2008;00;00;0000;
150;3;4;000;04200191;0;1;01;01;2008;00;00;0000;
150;3;4;150;04200191;0;2;01;01;2008;00;00;0000;
200;3;4;000;04200191;0;1;01;01;2008;00;00;0000;
200;3;4;200;04200191;0;1;01;01;2008;00;00;0000;
150;3;4;000;04200204;0;1;01;01;2008;00;00;0000;
150;3;4;150;04200204;0;2;01;01;2008;00;00;0000;
200;3;4;000;04200204;0;1;01;01;2008;00;00;0000;
200;3;4;200;04200204;0;1;01;01;2008;00;00;0000;
070;3;4;000;04200255;0;1;01;01;2008;00;00;0000;
070;3;4;070;04200255;0;1;01;01;2008;00;00;0000;
100;3;4;000;04200255;0;1;01;01;2008;00;00;0000;
100;3;4;100;04200255;0;1;01;01;2008;00;00;0000;
101;3;4;000;04200255;0;1;01;01;2008;00;00;0000;
101;3;4;101;04200255;0;1;01;01;2008;00;00;0000;
150;3;4;000;04200255;0;1;01;01;2008;00;00;0000;
150;3;4;150;04200255;0;2;01;01;2008;00;00;0000;
285;2;4;000;04200255;0;1;01;01;2008;00;00;0000;
285;2;4;285;04200255;0;1;01;01;2008;00;00;0000;
150;3;4;000;04200298;0;1;01;01;2008;00;00;0000;
150;3;4;150;04200298;0;2;01;01;2008;00;00;0000;
200;3;4;000;04200298;0;1;01;01;2008;00;00;0000;
200;3;4;200;04200298;0;1;01;01;2008;00;00;0000;
150;3;4;000;04200310;0;1;01;01;2008;00;00;0000;
150;3;4;150;04200310;0;2;01;01;2008;00;00;0000;
200;3;4;000;04200310;0;1;01;01;2008;00;00;0000;
200;3;4;200;04200310;0;1;01;01;2008;00;00;0000;
150;3;4;000;04200328;0;1;01;01;2008;00;00;0000;
150;3;4;150;04200328;0;2;01;01;2008;00;00;0000;
200;3;4;000;04200328;0;1;01;01;2008;00;00;0000;
200;3;4;200;04200328;0;1;01;01;2008;00;00;0000;
070;3;4;000;04200344;0;1;01;01;2008;00;00;0000;
070;3;4;070;04200344;0;1;01;01;2008;00;00;0000;
100;3;4;000;04200344;0;1;01;01;2008;00;00;0000;
100;3;4;100;04200344;0;1;01;01;2008;00;00;0000;
101;3;4;000;04200344;0;1;01;01;2008;00;00;0000;
101;3;4;101;04200344;0;1;01;01;2008;00;00;0000;
070;3;4;000;04200387;0;1;01;01;2008;00;00;0000;
070;3;4;070;04200387;0;1;01;01;2008;00;00;0000;
100;3;4;000;04200387;0;1;01;01;2008;00;00;0000;
100;3;4;100;04200387;0;1;01;01;2008;00;00;0000;
101;3;4;000;04200387;0;1;01;01;2008;00;00;0000;
101;3;4;101;04200387;0;1;01;01;2008;00;00;0000;
225;3;4;000;04200387;0;1;01;01;2008;00;00;0000;
225;3;4;225;04200387;0;1;01;01;2008;00;00;0000;
285;2;4;000;04200387;0;1;01;01;2008;00;00;0000;
285;2;4;285;04200387;0;1;01;01;2008;00;00;0000;
320;3;4;000;04200387;0;1;01;01;2008;00;00;0000;
320;3;4;320;04200387;0;1;01;01;2008;00;00;0000;
101;3;4;000;04200425;0;1;01;01;2008;00;00;0000;
101;3;4;101;04200425;0;1;01;01;2008;00;00;0000;
200;3;4;000;04200425;0;1;01;01;2008;00;00;0000;
200;3;4;200;04200425;0;1;01;01;2008;00;00;0000;
245;2;4;000;04200425;0;1;01;01;2008;00;00;0000;
245;2;4;245;04200425;0;1;01;01;2008;00;00;0000;
200;3;4;000;04200450;0;1;01;01;2008;00;00;0000;
200;3;4;200;04200450;0;1;01;01;2008;00;00;0000;
100;3;4;000;04900150;0;1;01;01;2008;00;00;0000;
100;3;4;100;04900150;0;1;01;01;2008;00;00;0000;
100;3;4;000;04900168;0;1;01;01;2008;00;00;0000;
100;3;4;100;04900168;0;1;01;01;2008;00;00;0000;
100;3;4;000;04900184;0;1;01;01;2008;00;00;0000;
100;3;4;100;04900184;0;1;01;01;2008;00;00;0000;
100;3;4;000;04900214;0;1;01;01;2008;00;00;0000;
100;3;4;100;04900214;0;1;01;01;2008;00;00;0000;
070;3;4;000;04900222;0;1;01;01;2008;00;00;0000;
070;3;4;070;04900222;0;1;01;01;2008;00;00;0000;
100;3;4;000;04900222;0;1;01;01;2008;00;00;0000;
100;3;4;100;04900222;0;1;01;01;2008;00;00;0000;
101;3;4;000;04900222;0;1;01;01;2008;00;00;0000;
101;3;4;101;04900222;0;1;01;01;2008;00;00;0000;
245;2;4;000;04900222;0;1;01;01;2008;00;00;0000;
245;2;4;245;04900222;0;1;01;01;2008;00;00;0000;
070;3;4;000;04900273;0;1;01;01;2008;00;00;0000;
070;3;4;070;04900273;0;1;01;01;2008;00;00;0000;
100;3;4;000;04900273;0;1;01;01;2008;00;00;0000;
100;3;4;100;04900273;0;1;01;01;2008;00;00;0000;
101;3;4;000;04900273;0;1;01;01;2008;00;00;0000;
101;3;4;101;04900273;0;1;01;01;2008;00;00;0000;
115;3;4;000;04900273;0;1;01;01;2008;00;00;0000;
115;3;4;115;04900273;0;1;01;01;2008;00;00;0000;
225;3;4;000;04900273;0;1;01;01;2008;00;00;0000;
225;3;4;225;04900273;0;1;01;01;2008;00;00;0000;
285;2;4;000;04900273;0;1;01;01;2008;00;00;0000;
285;2;4;285;04900273;0;1;01;01;2008;00;00;0000;
320;3;4;000;04900273;0;1;01;01;2008;00;00;0000;
320;3;4;320;04900273;0;1;01;01;2008;00;00;0000;
100;3;4;000;04900303;0;1;01;01;2008;00;00;0000;
100;3;4;100;04900303;0;1;01;01;2008;00;00;0000;
200;3;4;000;04900303;0;1;01;01;2009;00;00;0000;
200;3;4;200;04900303;0;1;01;01;2009;00;00;0000;
070;3;4;000;04900311;0;1;01;01;2008;00;00;0000;
070;3;4;070;04900311;0;1;01;01;2008;00;00;0000;
100;3;4;000;04900311;0;1;01;01;2008;00;00;0000;
100;3;4;100;04900311;0;1;01;01;2008;00;00;0000;
101;3;4;000;04900311;0;1;01;01;2008;00;00;0000;
101;3;4;101;04900311;0;1;01;01;2008;00;00;0000;
245;2;4;000;04900311;0;1;01;01;2008;00;00;0000;
245;2;4;245;04900311;0;1;01;01;2008;00;00;0000;
200;3;4;000;05600079;0;1;01;01;2008;00;00;0000;
200;3;4;200;05600079;0;1;01;01;2008;00;00;0000;
245;2;4;000;05600079;0;1;01;01;2008;00;00;0000;
245;2;4;245;05600079;0;1;01;01;2008;00;00;0000;
320;3;4;000;05600079;0;1;01;01;2008;00;00;0000;
320;3;4;320;05600079;0;1;01;01;2008;00;00;0000;
200;3;4;000;05600109;0;1;01;01;2008;00;00;0000;
200;3;4;200;05600109;0;1;01;01;2008;00;00;0000;
420;1;4;000;05600133;4;1;01;01;2008;00;00;0000;
420;1;4;420;05600133;4;2;01;01;2008;00;00;0000;
420;2;4;000;05600133;4;1;01;01;2008;00;00;0000;
420;2;4;420;05600133;4;2;01;01;2008;00;00;0000;
420;3;4;000;05600133;4;1;01;01;2008;00;00;0000;
420;3;4;420;05600133;4;2;01;01;2008;00;00;0000;
100;3;4;000;05600141;0;1;01;01;2008;00;00;0000;
100;3;4;100;05600141;0;1;01;01;2008;00;00;0000;
245;2;4;000;05600141;0;1;01;01;2008;00;00;0000;
245;2;4;245;05600141;0;1;01;01;2008;00;00;0000;
100;1;4;000;05600168;0;1;01;01;2008;00;00;0000;
100;1;4;100;05600168;0;1;01;01;2008;00;00;0000;
100;2;4;000;05600168;0;1;01;01;2008;00;00;0000;
100;2;4;100;05600168;0;1;01;01;2008;00;00;0000;
200;3;4;000;06300087;0;1;01;01;2008;00;00;0000;
200;3;4;200;06300087;0;1;01;01;2008;00;00;0000;
070;3;4;000;06300133;6;1;01;01;2008;00;00;0000;
070;3;4;070;06300133;6;1;01;01;2008;00;00;0000;
100;3;4;000;06300133;6;1;01;01;2008;00;00;0000;
100;3;4;100;06300133;6;1;01;01;2008;00;00;0000;
101;3;4;000;06300133;6;1;01;01;2008;00;00;0000;
101;3;4;101;06300133;6;1;01;01;2008;00;00;0000;
110;3;4;000;06300133;6;1;01;01;2008;00;00;0000;
110;3;4;110;06300133;6;2;01;01;2008;00;00;0000;
100;1;4;000;06300141;5;1;01;01;2008;00;00;0000;
100;1;4;100;06300141;5;1;01;01;2008;00;00;0000;
100;2;4;000;06300141;5;1;01;01;2008;00;00;0000;
100;2;4;100;06300141;5;1;01;01;2008;00;00;0000;
230;1;4;000;06300141;5;1;01;01;2008;00;00;0000;
230;1;4;230;06300141;5;2;01;01;2008;00;00;0000;
230;2;4;000;06300141;5;1;01;01;2008;00;00;0000;
230;2;4;230;06300141;5;2;01;01;2008;00;00;0000;
035;3;4;000;06300273;0;1;01;01;2008;00;00;0000;
035;3;4;035;06300273;0;1;01;01;2008;00;00;0000;
070;3;4;000;06300273;0;1;01;01;2008;00;00;0000;
070;3;4;070;06300273;0;1;01;01;2008;00;00;0000;
085;3;4;000;06300273;0;1;01;01;2008;00;00;0000;
085;3;4;085;06300273;0;1;01;01;2008;00;00;0000;
100;3;4;000;06300273;0;1;01;01;2008;00;00;0000;
100;3;4;100;06300273;0;1;01;01;2008;00;00;0000;
140;3;4;000;06300273;0;1;01;01;2008;00;00;0000;
140;3;4;140;06300273;0;1;01;01;2008;00;00;0000;
155;2;4;000;06300273;0;1;01;01;2008;00;00;0000;
155;2;4;155;06300273;0;1;01;01;2008;00;00;0000;
220;3;4;000;06300273;0;1;01;01;2008;00;00;0000;
220;3;4;220;06300273;0;1;01;01;2008;00;00;0000;
225;3;4;000;06300273;0;1;01;01;2008;00;00;0000;
225;3;4;225;06300273;0;1;01;01;2008;00;00;0000;
235;3;4;000;06300273;0;1;01;01;2008;00;00;0000;
235;3;4;235;06300273;0;1;01;01;2008;00;00;0000;
240;3;4;000;06300273;0;1;01;01;2008;00;00;0000;
240;3;4;240;06300273;0;1;01;01;2008;00;00;0000;
245;2;4;000;06300273;0;1;01;01;2008;00;00;0000;
245;2;4;245;06300273;0;1;01;01;2008;00;00;0000;
250;3;4;000;06300273;0;1;01;01;2008;00;00;0000;
250;3;4;250;06300273;0;1;01;01;2008;00;00;0000;
275;3;4;000;06300273;0;1;01;01;2008;00;00;0000;
275;3;4;275;06300273;0;1;01;01;2008;00;00;0000;
295;3;4;000;06300273;0;1;01;01;2008;00;00;0000;
295;3;4;295;06300273;0;1;01;01;2008;00;00;0000;
300;3;4;000;06300273;0;1;01;01;2008;00;00;0000;
300;3;4;300;06300273;0;1;01;01;2008;00;00;0000;
315;3;4;000;06300273;0;1;01;01;2008;00;00;0000;
315;3;4;315;06300273;0;1;01;01;2008;00;00;0000;
320;3;4;000;06300273;0;1;01;01;2008;00;00;0000;
320;3;4;320;06300273;0;1;01;01;2008;00;00;0000;
330;3;4;000;06300273;0;1;01;01;2008;00;00;0000;
330;3;4;330;06300273;0;1;01;01;2008;00;00;0000;
830;3;4;000;06300273;0;1;01;01;2008;00;00;0000;
830;3;4;830;06300273;0;1;01;01;2008;00;00;0000;
070;3;4;000;06300281;0;1;01;01;2008;00;00;0000;
070;3;4;070;06300281;0;1;01;01;2008;00;00;0000;
100;3;4;000;06300281;0;1;01;01;2008;00;00;0000;
100;3;4;100;06300281;0;1;01;01;2008;00;00;0000;
101;3;4;000;06300281;0;1;01;01;2008;00;00;0000;
101;3;4;101;06300281;0;1;01;01;2008;00;00;0000;
155;2;4;000;06300281;0;1;01;01;2008;00;00;0000;
155;2;4;155;06300281;0;1;01;01;2008;00;00;0000;
225;3;4;000;06300281;0;1;01;01;2008;00;00;0000;
225;3;4;225;06300281;0;1;01;01;2008;00;00;0000;
245;2;4;000;06300281;0;1;01;01;2008;00;00;0000;
245;2;4;245;06300281;0;1;01;01;2008;00;00;0000;
255;1;4;000;06300281;0;1;01;01;2008;00;00;0000;
255;1;4;255;06300281;0;2;01;01;2008;00;00;0000;
255;2;4;000;06300281;0;1;01;01;2008;00;00;0000;
255;2;4;255;06300281;0;2;01;01;2008;00;00;0000;
260;3;4;000;06300281;0;1;01;01;2008;00;00;0000;
260;3;4;260;06300281;0;1;01;01;2008;00;00;0000;
320;3;4;000;06300281;0;1;01;01;2008;00;00;0000;
320;3;4;320;06300281;0;1;01;01;2008;00;00;0000;
322;3;4;000;06300281;0;1;01;01;2008;00;00;0000;
322;3;4;322;06300281;0;1;01;01;2008;00;00;0000;
735;1;4;000;06300281;0;1;01;01;2008;00;00;0000;
735;1;4;735;06300281;0;1;01;01;2008;00;00;0000;
735;2;4;000;06300281;0;1;01;01;2008;00;00;0000;
735;2;4;735;06300281;0;1;01;01;2008;00;00;0000;
735;3;4;000;06300281;0;1;01;01;2008;00;00;0000;
735;3;4;735;06300281;0;1;01;01;2008;00;00;0000;
830;3;4;000;06300281;0;1;01;01;2008;00;00;0000;
830;3;4;830;06300281;0;1;01;01;2008;00;00;0000;
101;3;4;000;06300303;4;1;01;01;2008;00;00;0000;
101;3;4;101;06300303;4;1;01;01;2008;00;00;0000;
420;1;4;000;06300303;4;1;01;01;2008;00;00;0000;
420;1;4;420;06300303;4;2;01;01;2008;00;00;0000;
420;2;4;000;06300303;4;1;01;01;2008;00;00;0000;
420;2;4;420;06300303;4;2;01;01;2008;00;00;0000;
421;1;4;000;06300303;4;1;01;01;2009;00;00;0000;
421;1;4;421;06300303;4;2;01;01;2009;00;00;0000;
421;3;4;000;06300303;4;1;01;01;2008;00;00;0000;
421;3;4;421;06300303;4;2;01;01;2008;00;00;0000;
834;3;4;000;06300303;4;1;01;01;2008;00;00;0000;
834;3;4;834;06300303;4;2;01;01;2008;00;00;0000;
370;3;4;000;06300311;7;1;01;01;2008;00;00;0000;
370;3;4;370;06300311;7;2;01;01;2008;00;00;0000;
101;3;4;000;06300818;0;1;01;01;2008;00;00;0000;
101;3;4;101;06300818;0;1;01;01;2008;00;00;0000;
200;3;4;000;06300818;0;1;01;01;2008;00;00;0000;
200;3;4;200;06300818;0;1;01;01;2008;00;00;0000;
101;3;4;000;06309362;2;1;01;01;2008;00;00;0000;
101;3;4;101;06309362;2;1;01;01;2008;00;00;0000;
115;3;4;000;06309362;2;1;01;01;2008;00;00;0000;
115;3;4;115;06309362;2;1;01;01;2008;00;00;0000;
225;3;4;000;06309362;2;1;01;01;2008;00;00;0000;
225;3;4;225;06309362;2;1;01;01;2008;00;00;0000;
310;3;4;000;06309362;2;1;01;01;2008;00;00;0000;
310;3;4;310;06309362;2;1;01;01;2008;00;00;0000;
315;3;4;000;06309362;2;1;01;01;2008;00;00;0000;
315;3;4;315;06309362;2;1;01;01;2008;00;00;0000;
321;3;4;000;06309362;2;1;01;01;2008;00;00;0000;
321;3;4;321;06309362;2;1;01;01;2008;00;00;0000;
831;3;4;000;06309362;2;1;01;01;2008;00;00;0000;
831;3;4;831;06309362;2;1;01;01;2008;00;00;0000;
070;2;4;000;07000281;0;1;01;01;2009;00;00;0000;
070;2;4;070;07000281;0;1;01;01;2009;00;00;0000;
070;3;4;000;07000281;0;1;01;01;2009;00;00;0000;
070;3;4;070;07000281;0;1;01;01;2008;00;00;0000;
100;1;4;000;07000281;0;1;01;01;2008;00;00;0000;
100;1;4;100;07000281;0;1;01;01;2008;00;00;0000;
100;2;4;000;07000281;0;1;01;01;2008;00;00;0000;
100;2;4;100;07000281;0;1;01;01;2008;00;00;0000;
101;3;4;000;07000281;0;1;01;01;2008;00;00;0000;
101;3;4;101;07000281;0;1;01;01;2008;00;00;0000;
245;2;4;000;07000281;0;1;01;01;2008;00;00;0000;
245;2;4;245;07000281;0;1;01;01;2008;00;00;0000;
150;3;4;000;07000303;0;1;01;01;2008;00;00;0000;
150;3;4;150;07000303;0;2;01;01;2008;00;00;0000;
200;3;4;000;07000303;0;1;01;01;2008;00;00;0000;
200;3;4;200;07000303;0;1;01;01;2008;00;00;0000;
200;3;4;000;07000338;0;1;01;01;2008;00;00;0000;
200;3;4;200;07000338;0;1;01;01;2008;00;00;0000;
150;1;4;000;07000346;8;1;01;01;2008;00;00;0000;
150;1;4;150;07000346;8;2;01;01;2008;00;00;0000;
150;2;4;000;07000346;8;1;01;01;2008;00;00;0000;
150;2;4;150;07000346;8;2;01;01;2008;00;00;0000;
200;3;4;000;07000346;8;1;01;01;2008;00;00;0000;
200;3;4;200;07000346;8;1;01;01;2008;00;00;0000;
150;3;4;000;07000419;0;1;01;01;2008;00;00;0000;
150;3;4;150;07000419;0;2;01;01;2008;00;00;0000;
200;3;4;000;07000419;0;1;01;01;2008;00;00;0000;
200;3;4;200;07000419;0;1;01;01;2008;00;00;0000;
200;3;4;000;07000435;0;1;01;01;2008;00;00;0000;
200;3;4;200;07000435;0;1;01;01;2008;00;00;0000;
200;3;4;000;07000443;0;1;01;01;2008;00;00;0000;
200;3;4;200;07000443;0;1;01;01;2008;00;00;0000;
150;3;4;000;07000630;0;1;01;01;2008;00;00;0000;
150;3;4;150;07000630;0;2;01;01;2008;00;00;0000;
200;3;4;000;07000630;0;1;01;01;2008;00;00;0000;
200;3;4;200;07000630;0;1;01;01;2008;00;00;0000;
200;3;4;000;07700046;0;1;01;01;2008;00;00;0000;
200;3;4;200;07700046;0;1;01;01;2008;00;00;0000;
070;3;4;000;07700089;0;1;01;01;2008;00;00;0000;
070;3;4;070;07700089;0;1;01;01;2008;00;00;0000;
101;3;4;000;07700089;0;1;01;01;2008;00;00;0000;
101;3;4;101;07700089;0;1;01;01;2008;00;00;0000;
200;3;4;000;07700089;0;1;01;01;2008;00;00;0000;
200;3;4;200;07700089;0;1;01;01;2008;00;00;0000;
285;2;4;000;07700089;0;1;01;01;2008;00;00;0000;
285;2;4;285;07700089;0;1;01;01;2008;00;00;0000;
200;3;4;000;07700101;0;1;01;01;2008;00;00;0000;
200;3;4;200;07700101;0;1;01;01;2008;00;00;0000;
245;2;4;000;07700101;0;1;01;01;2008;00;00;0000;
245;2;4;245;07700101;0;1;01;01;2008;00;00;0000;
150;3;4;000;08400011;0;1;01;01;2008;00;00;0000;
150;3;4;150;08400011;0;2;01;01;2008;00;00;0000;
200;3;4;000;08400011;0;1;01;01;2008;00;00;0000;
200;3;4;200;08400011;0;1;01;01;2008;00;00;0000;
200;3;4;000;08400020;0;1;01;01;2008;00;00;0000;
200;3;4;200;08400020;0;1;01;01;2008;00;00;0000;
200;3;4;000;08400054;0;1;01;01;2008;00;00;0000;
200;3;4;200;08400054;0;1;01;01;2008;00;00;0000;
070;3;4;000;08400097;0;1;01;01;2008;00;00;0000;
070;3;4;070;08400097;0;1;01;01;2008;00;00;0000;
100;3;4;000;08400097;0;1;01;01;2008;00;00;0000;
100;3;4;100;08400097;0;1;01;01;2008;00;00;0000;
101;3;4;000;08400097;0;1;01;01;2008;00;00;0000;
101;3;4;101;08400097;0;1;01;01;2008;00;00;0000;
115;3;4;000;08400097;0;1;01;01;2008;00;00;0000;
115;3;4;115;08400097;0;1;01;01;2008;00;00;0000;
200;1;4;000;08400097;0;1;01;01;2008;00;00;0000;
200;1;4;200;08400097;0;1;01;01;2008;00;00;0000;
225;3;4;000;08400097;0;1;01;01;2008;00;00;0000;
225;3;4;225;08400097;0;1;01;01;2008;00;00;0000;
285;2;4;000;08400097;0;1;01;01;2008;00;00;0000;
285;2;4;285;08400097;0;1;01;01;2008;00;00;0000;
295;3;4;000;08400097;0;1;01;01;2008;00;00;0000;
295;3;4;295;08400097;0;1;01;01;2008;00;00;0000;
320;3;4;000;08400097;0;1;01;01;2008;00;00;0000;
320;3;4;320;08400097;0;1;01;01;2008;00;00;0000;
322;3;4;000;08400097;0;1;01;01;2008;00;00;0000;
322;3;4;322;08400097;0;1;01;01;2008;00;00;0000;
805;3;4;000;08400097;0;1;01;01;2008;00;00;0000;
805;3;4;805;08400097;0;1;01;01;2008;00;00;0000;
830;3;4;000;08400097;0;1;01;01;2008;00;00;0000;
830;3;4;830;08400097;0;1;01;01;2008;00;00;0000;
100;3;4;000;08400101;0;1;01;01;2008;00;00;0000;
100;3;4;100;08400101;0;1;01;01;2008;00;00;0000;
101;3;4;000;08400101;0;1;01;01;2008;00;00;0000;
101;3;4;101;08400101;0;1;01;01;2008;00;00;0000;
115;3;4;000;08400101;0;1;01;01;2008;00;00;0000;
115;3;4;115;08400101;0;1;01;01;2008;00;00;0000;
245;2;4;000;08400101;0;1;01;01;2008;00;00;0000;
245;2;4;245;08400101;0;1;01;01;2008;00;00;0000;
150;1;4;000;08400747;8;1;01;01;2008;00;00;0000;
150;1;4;150;08400747;8;2;01;01;2008;00;00;0000;
150;2;4;000;08400747;8;1;01;01;2008;00;00;0000;
150;2;4;150;08400747;8;2;01;01;2008;00;00;0000;
150;3;4;000;08401638;0;1;01;01;2008;00;00;0000;
150;3;4;150;08401638;0;2;01;01;2008;00;00;0000;
071;3;4;000;08401824;2;1;01;01;2008;00;00;0000;
071;3;4;071;08401824;2;1;01;01;2008;00;00;0000;
101;3;4;000;08401824;2;1;01;01;2008;00;00;0000;
101;3;4;101;08401824;2;1;01;01;2008;00;00;0000;
115;3;4;000;08401824;2;1;01;01;2008;00;00;0000;
115;3;4;115;08401824;2;1;01;01;2008;00;00;0000;
070;3;4;000;08402111;0;1;01;01;2008;00;00;0000;
070;3;4;070;08402111;0;1;01;01;2008;00;00;0000;
070;3;4;155;08402111;0;1;01;01;2008;00;00;0000;
070;3;4;235;08402111;0;1;01;01;2008;00;00;0000;
070;3;4;260;08402111;0;1;01;01;2008;00;00;0000;
070;3;4;295;08402111;0;1;01;01;2008;00;00;0000;
070;3;4;300;08402111;0;1;01;01;2008;00;00;0000;
101;3;4;000;08402111;0;1;01;01;2008;00;00;0000;
101;3;4;101;08402111;0;1;01;01;2008;00;00;0000;
115;3;4;000;08402111;0;1;01;01;2008;00;00;0000;
115;3;4;115;08402111;0;1;01;01;2008;00;00;0000;
155;2;4;000;08402111;0;1;01;01;2008;00;00;0000;
155;2;4;155;08402111;0;1;01;01;2008;00;00;0000;
200;3;4;000;08402111;0;1;01;01;2008;00;00;0000;
200;3;4;035;08402111;0;1;01;01;2008;00;00;0000;
200;3;4;155;08402111;0;1;01;01;2008;00;00;0000;
200;3;4;200;08402111;0;1;01;01;2008;00;00;0000;
200;3;4;240;08402111;0;1;01;01;2008;00;00;0000;
225;3;4;000;08402111;0;1;01;01;2008;00;00;0000;
225;3;4;225;08402111;0;1;01;01;2008;00;00;0000;
235;3;4;000;08402111;0;1;01;01;2008;00;00;0000;
235;3;4;235;08402111;0;1;01;01;2008;00;00;0000;
240;3;4;000;08402111;0;1;01;01;2008;00;00;0000;
240;3;4;240;08402111;0;1;01;01;2008;00;00;0000;
245;2;4;000;08402111;0;1;01;01;2008;00;00;0000;
245;2;4;245;08402111;0;1;01;01;2008;00;00;0000;
320;3;4;000;08402111;0;1;01;01;2008;00;00;0000;
320;3;4;320;08402111;0;1;01;01;2008;00;00;0000;
322;3;4;000;08402111;0;1;01;01;2008;00;00;0000;
322;3;4;322;08402111;0;1;01;01;2008;00;00;0000;
330;3;4;000;08402111;0;1;01;01;2008;00;00;0000;
330;3;4;330;08402111;0;1;01;01;2008;00;00;0000;
070;1;4;000;08402120;0;1;01;01;2008;00;00;0000;
070;1;4;070;08402120;0;1;01;01;2008;00;00;0000;
070;2;4;000;08402120;0;1;01;01;2008;00;00;0000;
070;2;4;070;08402120;0;1;01;01;2008;00;00;0000;
100;1;4;000;08402120;0;1;01;01;2008;00;00;0000;
100;1;4;100;08402120;0;1;01;01;2008;00;00;0000;
100;2;4;000;08402120;0;1;01;01;2008;00;00;0000;
100;2;4;100;08402120;0;1;01;01;2008;00;00;0000;
101;3;4;000;08402120;0;1;01;01;2008;00;00;0000;
101;3;4;101;08402120;0;1;01;01;2008;00;00;0000;
115;3;4;000;08402120;0;1;01;01;2008;00;00;0000;
115;3;4;115;08402120;0;1;01;01;2008;00;00;0000;
225;3;4;000;08402120;0;1;01;01;2008;00;00;0000;
225;3;4;225;08402120;0;1;01;01;2008;00;00;0000;
245;2;4;000;08402120;0;1;01;01;2008;00;00;0000;
245;2;4;245;08402120;0;1;01;01;2008;00;00;0000;
255;3;4;000;08402120;0;1;01;01;2008;00;00;0000;
255;3;4;255;08402120;0;1;01;01;2008;00;00;0000;
310;3;4;000;08402120;0;1;01;01;2008;00;00;0000;
310;3;4;310;08402120;0;1;01;01;2008;00;00;0000;
320;3;4;000;08402120;0;1;01;01;2008;00;00;0000;
320;3;4;320;08402120;0;1;01;01;2008;00;00;0000;
321;3;4;000;08402120;0;1;01;01;2008;00;00;0000;
321;3;4;321;08402120;0;1;01;01;2008;00;00;0000;
322;3;4;000;08402120;0;1;01;01;2008;00;00;0000;
322;3;4;322;08402120;0;1;01;01;2008;00;00;0000;
330;3;4;000;08402120;0;1;01;01;2008;00;00;0000;
330;3;4;330;08402120;0;1;01;01;2008;00;00;0000;
833;3;4;000;08402120;0;1;01;01;2009;00;00;0000;
833;3;4;833;08402120;0;1;01;01;2009;00;00;0000;
420;3;4;000;08404259;4;1;01;01;2008;00;00;0000;
420;3;4;420;08404259;4;2;01;01;2008;00;00;0000;
422;3;4;000;08404259;4;1;01;01;2008;00;00;0000;
422;3;4;422;08404259;4;1;01;01;2008;00;00;0000;
423;3;4;000;08404259;4;1;01;01;2008;00;00;0000;
423;3;4;423;08404259;4;1;01;01;2008;00;00;0000;
200;3;4;000;09100038;0;1;01;01;2008;00;00;0000;
200;3;4;200;09100038;0;1;01;01;2008;00;00;0000;
200;3;4;000;09100119;0;1;01;01;2008;00;00;0000;
200;3;4;200;09100119;0;1;01;01;2008;00;00;0000;
070;3;4;000;09100135;0;1;01;01;2008;00;00;0000;
070;3;4;070;09100135;0;1;01;01;2008;00;00;0000;
100;3;4;000;09100135;0;1;01;01;2008;00;00;0000;
100;3;4;100;09100135;0;1;01;01;2008;00;00;0000;
101;3;4;000;09100135;0;1;01;01;2008;00;00;0000;
101;3;4;101;09100135;0;1;01;01;2008;00;00;0000;
245;2;4;000;09100135;0;1;01;01;2008;00;00;0000;
245;2;4;245;09100135;0;1;01;01;2008;00;00;0000;
200;3;4;000;09100321;0;1;01;01;2008;00;00;0000;
200;3;4;200;09100321;0;1;01;01;2008;00;00;0000;
200;3;4;000;09100330;0;1;01;01;2008;00;00;0000;
200;3;4;200;09100330;0;1;01;01;2008;00;00;0000;
150;3;4;000;09100364;0;1;01;01;2008;00;00;0000;
150;3;4;150;09100364;0;2;01;01;2008;00;00;0000;
200;3;4;000;09100364;0;1;01;01;2008;00;00;0000;
200;3;4;200;09100364;0;1;01;01;2008;00;00;0000;
070;3;4;000;09100411;0;1;01;01;2008;00;00;0000;
070;3;4;070;09100411;0;1;01;01;2008;00;00;0000;
100;3;4;000;09100411;0;1;01;01;2008;00;00;0000;
100;3;4;100;09100411;0;1;01;01;2008;00;00;0000;
101;3;4;000;09100411;0;1;01;01;2008;00;00;0000;
101;3;4;101;09100411;0;1;01;01;2008;00;00;0000;
285;2;4;000;09100411;0;1;01;01;2008;00;00;0000;
285;2;4;285;09100411;0;1;01;01;2008;00;00;0000;
200;3;4;000;09800013;0;1;01;01;2008;00;00;0000;
200;3;4;200;09800013;0;1;01;01;2008;00;00;0000;
200;1;4;000;09800048;0;1;01;01;2008;00;00;0000;
200;1;4;200;09800048;0;1;01;01;2008;00;00;0000;
200;2;4;000;09800048;0;1;01;01;2008;00;00;0000;
200;2;4;200;09800048;0;1;01;01;2008;00;00;0000;
070;3;4;000;09800064;0;1;01;01;2008;00;00;0000;
070;3;4;070;09800064;0;1;01;01;2008;00;00;0000;
100;1;4;000;09800064;0;1;01;01;2008;00;00;0000;
100;1;4;100;09800064;0;1;01;01;2008;00;00;0000;
100;2;4;000;09800064;0;1;01;01;2008;00;00;0000;
100;2;4;100;09800064;0;1;01;01;2008;00;00;0000;
101;3;4;000;09800064;0;1;01;01;2008;00;00;0000;
101;3;4;101;09800064;0;1;01;01;2008;00;00;0000;
225;3;4;000;09800064;0;1;01;01;2008;00;00;0000;
225;3;4;225;09800064;0;1;01;01;2008;00;00;0000;
285;2;4;000;09800064;0;1;01;01;2008;00;00;0000;
285;2;4;285;09800064;0;1;01;01;2008;00;00;0000;
315;3;4;000;09800064;0;1;01;01;2008;00;00;0000;
315;3;4;315;09800064;0;1;01;01;2008;00;00;0000;
070;1;4;000;10500023;0;1;01;01;2008;00;00;0000;
070;1;4;070;10500023;0;1;01;01;2008;00;00;0000;
070;2;4;000;10500023;0;1;01;01;2008;00;00;0000;
070;2;4;070;10500023;0;1;01;01;2008;00;00;0000;
101;3;4;000;10500023;0;1;01;01;2008;00;00;0000;
101;3;4;101;10500023;0;1;01;01;2008;00;00;0000;
150;1;4;000;10500023;0;1;01;01;2008;00;00;0000;
150;1;4;150;10500023;0;2;01;01;2008;00;00;0000;
150;2;4;000;10500023;0;1;01;01;2008;00;00;0000;
150;2;4;150;10500023;0;2;01;01;2008;00;00;0000;
155;2;4;000;10500023;0;1;01;01;2008;00;00;0000;
155;2;4;155;10500023;0;1;01;01;2008;00;00;0000;
200;1;4;000;10500023;0;1;01;01;2008;00;00;0000;
200;1;4;200;10500023;0;1;01;01;2008;00;00;0000;
200;2;4;000;10500023;0;1;01;01;2008;00;00;0000;
200;2;4;200;10500023;0;1;01;01;2008;00;00;0000;
245;2;4;000;10500023;0;1;01;01;2008;00;00;0000;
245;2;4;245;10500023;0;1;01;01;2008;00;00;0000;
200;3;4;000;10500066;0;1;01;01;2008;00;00;0000;
200;3;4;200;10500066;0;1;01;01;2008;00;00;0000;
101;3;4;000;10500074;0;1;01;01;2008;00;00;0000;
101;3;4;101;10500074;0;1;01;01;2008;00;00;0000;
150;1;4;000;10500074;0;1;01;01;2008;00;00;0000;
150;1;4;150;10500074;0;2;01;01;2008;00;00;0000;
150;2;4;000;10500074;0;1;01;01;2008;00;00;0000;
150;2;4;150;10500074;0;2;01;01;2008;00;00;0000;
200;1;4;000;10500074;0;1;01;01;2008;00;00;0000;
200;1;4;200;10500074;0;1;01;01;2008;00;00;0000;
200;2;4;000;10500074;0;1;01;01;2008;00;00;0000;
200;2;4;200;10500074;0;1;01;01;2008;00;00;0000;
245;2;4;000;10500074;0;1;01;01;2008;00;00;0000;
245;2;4;245;10500074;0;1;01;01;2008;00;00;0000;
420;1;4;000;10500074;0;1;01;01;2008;00;00;0000;
200;3;4;000;10500104;0;1;01;01;2008;00;00;0000;
200;3;4;200;10500104;0;1;01;01;2008;00;00;0000;
101;3;4;000;10500121;0;1;01;01;2008;00;00;0000;
101;3;4;101;10500121;0;1;01;01;2008;00;00;0000;
150;3;4;000;10500121;0;1;01;01;2008;00;00;0000;
150;3;4;150;10500121;0;2;01;01;2008;00;00;0000;
200;1;4;000;10500121;0;1;01;01;2008;00;00;0000;
200;1;4;200;10500121;0;1;01;01;2008;00;00;0000;
200;2;4;000;10500121;0;1;01;01;2008;00;00;0000;
200;2;4;200;10500121;0;1;01;01;2008;00;00;0000;
285;2;4;000;10500121;0;1;01;01;2008;00;00;0000;
285;2;4;285;10500121;0;1;01;01;2008;00;00;0000;
100;3;4;000;10500147;0;1;01;01;2008;00;00;0000;
100;3;4;100;10500147;0;1;01;01;2008;00;00;0000;
150;3;4;000;10500147;0;1;01;01;2008;00;00;0000;
150;3;4;150;10500147;0;2;01;01;2008;00;00;0000;
245;2;4;000;10500147;0;1;01;01;2008;00;00;0000;
150;3;4;000;10500171;0;1;01;01;2008;00;00;0000;
150;3;4;150;10500171;0;2;01;01;2008;00;00;0000;
200;3;4;000;10500171;0;1;01;01;2008;00;00;0000;
200;3;4;200;10500171;0;1;01;01;2008;00;00;0000;
150;3;4;000;10500180;0;1;01;01;2008;00;00;0000;
150;3;4;150;10500180;0;2;01;01;2008;00;00;0000;
200;3;4;000;10500180;0;1;01;01;2008;00;00;0000;
200;3;4;200;10500180;0;1;01;01;2008;00;00;0000;
245;2;4;000;10500180;0;1;01;01;2008;00;00;0000;
245;2;4;245;10500180;0;1;01;01;2008;00;00;0000;
200;3;4;000;10500201;0;1;01;01;2008;00;00;0000;
200;3;4;200;10500201;0;1;01;01;2008;00;00;0000;
100;3;4;000;11200023;0;1;01;01;2008;00;00;0000;
100;3;4;100;11200023;0;1;01;01;2008;00;00;0000;
070;2;4;000;11200091;0;1;01;01;2008;00;00;0000;
070;2;4;070;11200091;0;1;01;01;2008;00;00;0000;
070;3;4;000;11200091;0;1;01;01;2008;00;00;0000;
070;3;4;070;11200091;0;1;01;01;2008;00;00;0000;
101;3;4;000;11200091;0;1;01;01;2008;00;00;0000;
101;3;4;101;11200091;0;1;01;01;2008;00;00;0000;
115;3;4;000;11200091;0;1;01;01;2009;00;00;0000;
115;3;4;115;11200091;0;1;01;01;2009;00;00;0000;
150;3;4;000;11200091;0;1;01;01;2008;00;00;0000;
150;3;4;150;11200091;0;2;01;01;2008;00;00;0000;
200;1;4;000;11200091;0;1;01;01;2008;00;00;0000;
200;1;4;200;11200091;0;1;01;01;2008;00;00;0000;
200;2;4;000;11200091;0;1;01;01;2008;00;00;0000;
200;2;4;200;11200091;0;1;01;01;2008;00;00;0000;
285;2;4;000;11200091;0;1;01;01;2008;00;00;0000;
285;2;4;285;11200091;0;1;01;01;2008;00;00;0000;
150;3;4;000;11200139;0;1;01;01;2008;00;00;0000;
150;3;4;150;11200139;0;2;01;01;2008;00;00;0000;
200;3;4;000;11200139;0;1;01;01;2008;00;00;0000;
200;3;4;200;11200139;0;1;01;01;2008;00;00;0000;
200;1;4;000;11900017;0;1;01;01;2008;00;00;0000;
200;1;4;200;11900017;0;1;01;01;2008;00;00;0000;
200;2;4;000;11900017;0;1;01;01;2008;00;00;0000;
200;2;4;200;11900017;0;1;01;01;2008;00;00;0000;
245;2;4;000;11900017;0;1;01;01;2008;00;00;0000;
245;2;4;245;11900017;0;1;01;01;2008;00;00;0000;
150;3;4;000;11900041;0;1;01;01;2008;00;00;0000;
150;3;4;150;11900041;0;2;01;01;2008;00;00;0000;
200;3;4;000;11900041;0;1;01;01;2008;00;00;0000;
200;3;4;200;11900041;0;1;01;01;2008;00;00;0000;
200;3;4;000;11900122;0;1;01;01;2008;00;00;0000;
200;3;4;200;11900122;0;1;01;01;2008;00;00;0000;
200;3;4;000;11900157;0;1;01;01;2008;00;00;0000;
200;3;4;200;11900157;0;1;01;01;2008;00;00;0000;
200;3;4;000;11900297;0;1;01;01;2008;00;00;0000;
200;3;4;200;11900297;0;1;01;01;2008;00;00;0000;
150;1;4;000;12600033;0;1;01;01;2008;00;00;0000;
150;1;4;150;12600033;0;2;01;01;2008;00;00;0000;
200;3;4;000;12600033;0;1;01;01;2008;00;00;0000;
200;3;4;200;12600033;0;1;01;01;2008;00;00;0000;
200;3;4;000;12600076;0;1;01;01;2008;00;00;0000;
200;3;4;200;12600076;0;1;01;01;2008;00;00;0000;
150;3;4;000;12600084;0;1;01;01;2008;00;00;0000;
150;3;4;150;12600084;0;2;01;01;2008;00;00;0000;
200;3;4;000;12600084;0;1;01;01;2008;00;00;0000;
200;3;4;200;12600084;0;1;01;01;2008;00;00;0000;
320;3;4;000;12600084;0;1;01;01;2008;00;00;0000;
320;3;4;320;12600084;0;1;01;01;2008;00;00;0000;
200;3;4;000;12600149;0;1;01;01;2008;00;00;0000;
200;3;4;200;12600149;0;1;01;01;2008;00;00;0000;
200;3;4;000;12600157;0;1;01;01;2008;00;00;0000;
200;3;4;200;12600157;0;1;01;01;2008;00;00;0000;
101;3;4;000;12600165;0;1;01;01;2008;00;00;0000;
200;3;4;000;12600165;0;1;01;01;2008;00;00;0000;
200;3;4;200;12600165;0;1;01;01;2008;00;00;0000;
320;3;4;000;12600165;0;1;01;01;2008;00;00;0000;
320;3;4;320;12600165;0;1;01;01;2008;00;00;0000;
200;3;4;000;12600173;0;1;01;01;2008;00;00;0000;
200;3;4;200;12600173;0;1;01;01;2008;00;00;0000;
200;3;4;000;12600190;0;1;01;01;2008;00;00;0000;
200;3;4;200;12600190;0;1;01;01;2008;00;00;0000;
100;3;4;000;13300017;0;1;01;01;2008;00;00;0000;
100;3;4;100;13300017;0;1;01;01;2008;00;00;0000;
245;2;4;000;13300017;0;1;01;01;2008;00;00;0000;
245;2;4;245;13300017;0;1;01;01;2008;00;00;0000;
200;3;4;000;13300041;0;1;01;01;2008;00;00;0000;
200;3;4;200;13300041;0;1;01;01;2008;00;00;0000;
100;3;4;000;13300068;0;1;01;01;2008;00;00;0000;
100;3;4;100;13300068;0;1;01;01;2008;00;00;0000;
101;3;4;000;13300068;0;1;01;01;2008;00;00;0000;
101;3;4;101;13300068;0;1;01;01;2008;00;00;0000;
150;1;4;000;13300068;0;1;01;01;2008;00;00;0000;
150;1;4;150;13300068;0;2;01;01;2008;00;00;0000;
150;2;4;000;13300068;0;1;01;01;2008;00;00;0000;
150;2;4;150;13300068;0;2;01;01;2008;00;00;0000;
150;3;4;000;13300068;0;1;01;01;2008;00;00;0000;
150;3;4;150;13300068;0;2;01;01;2008;00;00;0000;
285;2;4;000;13300068;0;1;01;01;2008;00;00;0000;
285;2;4;285;13300068;0;1;01;01;2008;00;00;0000;
100;3;4;000;13300084;0;1;01;01;2008;00;00;0000;
100;3;4;100;13300084;0;1;01;01;2008;00;00;0000;
100;3;4;000;13300092;0;1;01;01;2008;00;00;0000;
100;3;4;100;13300092;0;1;01;01;2008;00;00;0000;
100;3;4;000;13300173;0;1;01;01;2008;00;00;0000;
100;3;4;100;13300173;0;1;01;01;2008;00;00;0000;
200;3;4;000;13300173;0;1;01;01;2009;00;00;0000;
200;3;4;200;13300173;0;1;01;01;2009;00;00;0000;
100;3;4;000;13300203;0;1;01;01;2008;00;00;0000;
100;3;4;100;13300203;0;1;01;01;2008;00;00;0000;
200;3;4;000;13300203;0;1;01;01;2009;00;00;0000;
200;3;4;200;13300203;0;1;01;01;2009;00;00;0000;
100;3;4;000;13300211;0;1;01;01;2008;00;00;0000;
100;3;4;100;13300211;0;1;01;01;2008;00;00;0000;
200;3;4;000;13300211;0;1;01;01;2009;00;00;0000;
200;3;4;200;13300211;0;1;01;01;2009;00;00;0000;
100;3;4;000;13300220;0;1;01;01;2008;00;00;0000;
100;3;4;100;13300220;0;1;01;01;2008;00;00;0000;
200;3;4;000;13300220;0;1;01;01;2009;00;00;0000;
200;3;4;200;13300220;0;1;01;01;2009;00;00;0000;
